[0.3        0.3        0.90553851]
[-5.75796932 -2.49803068  0.90553851]
[92.80203582  3.08852418  0.90553851]
[-1.29373668e+03  4.61716813e+02  9.05538514e-01]
[ 1.52932026e+04 -1.33823937e+04  9.05538514e-01]
[-1.37724830e+05  2.67233241e+05  9.05538514e-01]
[ 4.43153710e+05 -4.42542022e+06  9.05538514e-01]
[1.79465356e+07 6.33015387e+07 9.05538514e-01]
[-5.90876218e+08 -7.73521497e+08  9.05538514e-01]
[1.23331778e+10 7.43328877e+09 9.05538514e-01]
[-2.10091302e+11 -3.52730485e+10  9.05538514e-01]