[0.3 0.3 0.9055385138137417] 
[0.2948457284950744 0.2816359617461946 0.913097574982819] 
[0.2815044945877304 0.3037761212400683 0.9102061786712093] 
[0.24736955893786128 0.2794331375480288 0.9277528889477804] 
[0.2841753774701863 0.2738850829541367 0.9188206115313711] 
[0.26063600618371635 0.2863196056859637 0.9220032297559678] 
[0.23297242587675168 0.27309885426086916 0.933349272556904] 
[0.2111087368531318 0.27757397358218966 0.9372223804487753] 
[0.23868420894005854 0.23115817521729184 0.9431838349085877] 
[0.3802777436665106 0.23825113120249813 0.8936583441968399] 
[0.3757432413167231 0.2923273308932082 0.8794098863542845] 
[0.3607117022918209 0.2850402443581872 0.8880535608430168] 
[0.4383182158090034 0.2833258992677006 0.8529968209167961] 
[0.4151766471937587 0.24555337326550045 0.8759748241261749] 
[0.4038764000381345 0.2430193638674249 0.8819441265055903] 
[0.42777588237143954 0.24366115505900665 0.8704234808279515] 
[0.3660910593706898 0.26027154560565857 0.8934405737355381] 
[0.36615280539131 0.3208022569630572 0.8735090354606997] 
[0.38411218847613143 0.3759941256261079 0.8432592982936715] 
[0.4016669576595211 0.3339790979076281 0.8527142647366418] 
[0.40378060703180535 0.3042663994705309 0.8627764365919286] 
[0.395421904977307 0.3558650487580348 0.8467594606123742] 
[0.4000684436955224 0.3089272282478817 0.8628494700735023] 
[0.42114500604878713 0.33719509488437943 0.841983581708148] 
[0.450267270815743 0.34042214432810103 0.8254526930619341] 
[0.5295295010730878 0.2613183949465561 0.807038539325008] 
[0.5898951710421976 0.22887788016634358 0.7743633534405263] 
[0.6146593241637969 0.17421046122807818 0.7693143898415035] 
[0.6104339491867622 0.22539321702367196 0.759320940972902] 
[0.5852578603644628 0.21716567612738213 0.7812248754320025] 
[0.5759604801590127 0.23006037117484626 0.7844372192278307] 
[0.6026051756398328 0.2780651950043456 0.7480285754028927] 
[0.585945631770477 0.33962801735090553 0.7357448786361952] 
[0.6006895766083504 0.330704042452919 0.7278783338301662] 
[0.5345469299181241 0.34236821041501947 0.7726859570435617] 
[0.5402547869536636 0.3179309542002278 0.7791307165906016] 
[0.5271029952365268 0.31846400148119597 0.787872522793673] 
[0.530939812408547 0.29239011389574443 0.7953684284000783] 
[0.531066046399736 0.2705110749038087 0.802989796146713] 
[0.5748239592914065 0.2594457508342057 0.7760575482518203] 
[0.5303260811862988 0.2667355314400884 0.804739960410167] 
[0.5436074113413104 0.25794338253961596 0.7987215996445951] 
[0.579914815185249 0.3102932955913367 0.7532707865301336] 
[0.5425603094506728 0.27787685066164947 0.7927248996184952] 
[0.5040241937488005 0.266046629229086 0.8216926452096994] 
[0.5261921533589564 0.22560378949299809 0.819893132005546] 
[0.5483220875556969 0.17125879093610613 0.8185434104711038] 
[0.5309012242595158 0.12301575997860927 0.8384575200191317] 
[0.565238827082561 0.17200077557221527 0.8067966296167126] 
[0.5628813517200858 0.15787843082356526 0.8113192866969563] 
[0.5504902689816855 0.13990882446013334 0.8230346193172282] 
[0.539236494825474 0.1637187492511078 0.8260872676612256] 
[0.5341982339729148 0.07610548672181484 0.8419264823671094] 
[0.5134283829410886 0.0972500230927115 0.8526040866656491] 
[0.5554424305985026 0.0841116613208979 0.8272901152078793] 
[0.5431739700301945 0.12110537185177028 0.8308402537132404] 
[0.5211885727889668 0.07870464309460251 0.8498047133015625] 
[0.493175831879356 0.11652867220971852 0.862089709602861] 
[0.4814400646864422 0.07955975869483099 0.8728606469025482] 
[0.5124492952639073 0.08485031861366109 0.8545151509567779] 
[0.5058720464583404 0.10606138649194155 0.8560633474851366] 
[0.5402665054965401 0.04694282201331203 0.8401835957098801] 
[0.512793625922677 0.07101835782248642 0.8555694536770646] 
[0.5575168595974438 0.08106613340237111 0.8261980593536836] 
[0.5870077107538295 0.05108902526836072 0.8079677338933017] 
[0.5474038971156341 0.00832135626941529 0.8368271795612604] 
[0.6108994833061392 0.022488361428714063 0.7913887128943295] 
[0.6251050334960047 -0.011592189333443801 0.7804545587312667] 
[0.587580280032483 0.01875478198995746 0.8089484981563771] 
[0.5522701213372208 0.01365453458206083 0.8335533976677914] 
[0.4896217740638133 -0.002534773195309878 0.87193124344036] 
[0.4508206974531825 -0.009205320610308054 0.8925670623657852] 
[0.39402162300936366 0.009488435089685523 0.9190521912277974] 
[0.4698310225218639 -0.06625374340108167 0.8802665799412148] 
[0.517822135053982 -0.11643312454090267 0.8475279133797177] 
[0.5293328135881927 -0.06310080849355838 0.8460644540614307] 
[0.5857236396357165 0.012423650271891514 0.8104156161413791] 
[0.6135214935094839 -0.005053507898082361 0.789661851085524] 
[0.6474020460545789 -0.0486816142911599 0.7605923291713846] 
[0.6739550784732692 -0.03593919834613843 0.7378976393933824] 
[0.6748354556036863 -0.03251540812172397 0.737251555505204] 
[0.6508505978930309 -0.013833888313579575 0.7590797868184948] 
[0.6617015619729423 -0.08030498930903564 0.7454543256126724] 
[0.6533898401356308 -0.07467031789850209 0.753329981105539] 
[0.6328606092035729 -0.13666225988080372 0.7621094908494147] 
[0.6124980347993976 -0.17323279398909633 0.771256479035092] 
[0.6158760520262088 -0.23376865477037628 0.7523622163475909] 
[0.6445361649382599 -0.21112649387301638 0.7348460625679145] 
[0.638407877596072 -0.22682193471798354 0.7355183150364574] 
[0.5947119410198248 -0.20920608533962534 0.7762412776098047] 
[0.5395488146627353 -0.21405941436279102 0.8142884278427984] 
[0.5516577412910859 -0.25745522761328726 0.7933413781268489] 
[0.5693213613866199 -0.2650508855466409 0.7782166893223426] 
[0.5181327992396129 -0.3519108201494318 0.7795493422573566] 
[0.543726004378586 -0.34725798868226315 0.7640509940173149] 
[0.5176303629240736 -0.353826733845467 0.7790156929069794] 
[0.5140913956043831 -0.3267673388570093 0.793053051959228] 
[0.4882350698093562 -0.3010467006668489 0.8191443100125018] 
[0.44534017229058814 -0.36959469806168005 0.8155193989776605] 
[0.4908264508937138 -0.34463555548256847 0.8001973062940803] 
[0.4910981719420879 -0.3284577166014009 0.806807358617987] 
[0.49910835981459667 -0.32404773041013396 0.8036690323629648] 
[0.5098928729918657 -0.25866567629525866 0.8204275263414909] 
[0.5246182982139258 -0.2958166025714143 0.7982907858808281] 
[0.5235729030877362 -0.32436434691725313 0.7878192594759434] 
[0.5327145761739935 -0.3185518287144409 0.7840535139609079] 
[0.5305134937445662 -0.3007450121427821 0.7925325675492282] 
[0.5520193773890424 -0.26679377368014956 0.789997271712073] 
[0.5477001513923502 -0.31790119784952914 0.7739272398427589] 
[0.6059608577750712 -0.3010513712913838 0.7363283986701024] 
[0.614672149053677 -0.3256082293176782 0.7184409719513083] 
[0.5750074800095417 -0.3555581882893457 0.7368478626375153] 
[0.5420418088339264 -0.3439359467094895 0.7667455523425567] 
[0.507445132293693 -0.31978670269016474 0.8001474254748236] 
[0.5039405797087314 -0.3445675482966086 0.7920335199874384] 
[0.5159256649382027 -0.37866643735621974 0.7683960160477288] 
[0.5185963238726408 -0.36293595291590786 0.7741675186591108] 
[0.534343947742829 -0.37548997059901956 0.757287149957106] 
[0.602711406127589 -0.37014390645289913 0.7069175690556091] 
[0.6489351110064786 -0.3150612653677942 0.6925457535555709] 
[0.6429770991149844 -0.34120194988228925 0.6856833667300113] 
[0.6076529437661579 -0.29574041786382066 0.737085819409148] 
[0.6091602549194499 -0.2498904168035909 0.7526477020600001] 
[0.5751938658501025 -0.23635499314723307 0.7831272782267169] 
[0.6291635771820226 -0.15601044283184293 0.7614551430484486] 
[0.6751140122690983 -0.1943803593193192 0.7116441149541054] 
[0.6806708594225835 -0.2156223134419591 0.7001386998865718] 
[0.7071186197134758 -0.267278476304733 0.6546338470921963] 
[0.7421757111523901 -0.3229725211742448 0.5872511935635345] 
[0.7361639557369523 -0.32604525883538965 0.5930911561174103] 
[0.7615387300927269 -0.32484702128666637 0.5608325733496022] 
[0.7890246238345529 -0.29019602767432656 0.5415038397876637] 
[0.8017594624852264 -0.2816860108307265 0.5271003278481935] 
[0.7976137738546423 -0.29238868274128227 0.5275614902190772] 
[0.7814752552275975 -0.30590975596437414 0.5437974316533487] 
[0.8060692898295304 -0.29190858650757096 0.5148219858522636] 
[0.8081078872884159 -0.28895254131127945 0.5132914097975986] 
[0.8241481440904916 -0.27104107846476516 0.49730933067544125] 
[0.8025947791842372 -0.22458700039515686 0.5526321558502647] 
[0.7806478274690406 -0.19144791348600126 0.5949257650242791] 
[0.7718816616323584 -0.17437240048775232 0.61138610254389] 
[0.8061449812247504 -0.1427373586481175 0.5742441255183248] 
[0.8304596448384696 -0.1608463580229084 0.5333528170034628] 
[0.8665008524251446 -0.09252573935878966 0.4905254940394097] 
[0.8690751907285996 -0.141671919247335 0.4739592600180156] 
[0.8810390942518934 -0.10727690708142207 0.4607187641141254] 
[0.8588889235898202 -0.11957390965786091 0.4980079287158524] 
[0.8577870718302533 -0.11679522503904914 0.5005599013194703] 
[0.8568065160424502 -0.05832079263110527 0.5123292683558868] 
[0.8785441748609415 -0.06536969390056205 0.4731669218544913] 
[0.9032988224486137 -0.09918504516518639 0.41738898425632626] 
[0.9387243417771155 -0.16088740809323704 0.30481445515618444] 
[0.9375265742455364 -0.19522904414300066 0.28797489978544855] 
[0.9194047081544604 -0.17879459548421064 0.3503248139213792] 
[0.9097322037499854 -0.16520541747187328 0.3809127032512027] 
[0.9175804488971003 -0.12635313690487773 0.37693634024340633] 
[0.9159918021826846 -0.16854532541177625 0.36407621676780266] 
[0.9022080942646435 -0.17500215038412273 0.394201473873821] 
[0.9068490404729364 -0.13843067979477008 0.3980725620849452] 
[0.9062883707833871 -0.10811909474751534 0.4085971736732548] 
[0.8959895785506096 -0.08453756370211318 0.4359542125636729] 
[0.887254661958104 -0.06488957642560524 0.45669301254225025] 
[0.8819010522641247 -0.036411325460494866 0.4700263284047388] 
[0.8772296644769162 -0.09119200573663369 0.4713301749850592] 
[0.8526862840398202 -0.07383418156138612 0.5171794801067838] 
[0.8411496778674491 -0.07022689565134907 0.5362232767706574] 
[0.8343858255902004 -0.018806670152439642 0.5508598762044092] 
[0.85375818918217 -0.03358940677529235 0.5195851288834835] 
[0.8330266871891506 -0.10862370077508315 0.5424642200740932] 
[0.8142439155466198 -0.13668261464280607 0.5642027196404811] 
[0.8536588174150468 -0.14217047107730055 0.5010530716433165] 
[0.8262013004329168 -0.16450232410275845 0.5388231588635998] 
[0.8268117891730655 -0.12594596451652337 0.5481969347838755] 
[0.8301761332755068 -0.16831958291720278 0.5314848123383272] 
[0.8459605064629875 -0.24213309287611862 0.4751025014027293] 
[0.863054697962329 -0.2793597673867428 0.42082622148670595] 
[0.8461514037682165 -0.2568310983371424 0.46697493383265637] 
[0.8792301644568588 -0.21967488547120093 0.4227259899774084] 
[0.8874044159493801 -0.21524475234751572 0.40765561340474177] 
[0.8866905036952285 -0.20243618731582455 0.4156916413902669] 
[0.8849224715407173 -0.20546188633674314 0.41796845888800666] 
[0.8818476060921326 -0.22196986576511712 0.41602184837072026] 
[0.8836185980433428 -0.2291469492307745 0.4083011741963844] 
[0.8570843180840567 -0.29175962041373305 0.42459721571204606] 
[0.8503432389994702 -0.2868117219972396 0.44119770173117184] 
[0.8666309966231823 -0.24656121644852358 0.43377215474870445] 
[0.8587882984936533 -0.22884505407795855 0.4583804092611636] 
[0.8514347092746353 -0.2314871227985234 0.4706088055071629] 
[0.8413433542731854 -0.2251107706863658 0.49139241054511196] 
[0.8533549097489013 -0.2427150324500809 0.4613835833991069] 
[0.8579492411592533 -0.25062064918802723 0.4484555605573794] 
[0.8793728529337294 -0.21778249588116863 0.4234078057983372] 
[0.8667811790668521 -0.1977837185075216 0.4577903322579179] 
[0.8645660548060988 -0.15832568960404383 0.4769261084155716] 
[0.8469669351083453 -0.16418802740053687 0.5056572974767557] 
[0.8489296573727875 -0.13912173385490614 0.5098662373624347] 
[0.857874607048189 -0.14385010386977837 0.4933135982299385] 
[0.8677044846504667 -0.14447586296317347 0.47562133293042524] 
[0.8893930658754124 -0.14904503282075737 0.43216380293147394] 
[0.8773817464001584 -0.13941961537678968 0.45908979724232174] 
[0.890844465661998 -0.1044553028788235 0.44213711413981327] 
[0.8946192321299999 -0.06599453023970035 0.44192889867213964] 
[0.8933474032111305 -0.03909258411089355 0.447663028452722] 
[0.8962597340636957 -0.06131052349670414 0.43927156612354656] 
[0.8794243165064946 -0.04507634333556277 0.47389977295687685] 
[0.8699823837933824 -0.070946375228203 0.48795211212901085] 
[0.8507652561297002 -0.057899637275167615 0.5223467344264435] 
[0.8426389842929327 -0.03823410809585585 0.5371198144994179] 
[0.8500904816918547 -0.04237082442501629 0.5249294106586664] 
[0.8607453495988606 -0.0001038121873867154 0.5090357869216712] 
[0.8564373103054798 0.05079455390674356 0.5137460917711494] 
[0.8778862407708542 0.02493651067466197 0.4782195298192981] 
[0.8976684207895502 0.013279707653352367 0.4404714016617157] 
[0.8851209430937189 0.010290529625421204 0.46524726876889244] 
[0.8826793944239918 -0.010043910009843851 0.46986828636439093] 
[0.9000536243938567 0.012149659499341771 0.43560975538838903] 
[0.8906454929832602 0.06333372633683197 0.45026597132905444] 
[0.8588042597600989 0.08486191348631618 0.5052263839679687] 
[0.8612760311864373 0.045628336702662864 0.5060846302679893] 
[0.8743742500062637 0.0708414717926894 0.48005328537593556] 
[0.9092355423265451 0.0549818691327365 0.41263509622525296] 
[0.893669005098698 0.1521087507678629 0.42215949268699793] 
[0.9090642144330916 0.1249408318550233 0.3974821286202953] 
[0.8767460292500768 0.18608534028615042 0.44349593721342123] 
[0.8757351169307976 0.17131125867290595 0.45137618194373835] 
[0.8469780250049955 0.25243402263111586 0.46787315522148765] 
[0.8448009921487529 0.2921298378385107 0.44829838445942266] 
[0.8391709574154033 0.3022660952505116 0.4521363863841574] 
[0.801321858627877 0.3551603161384586 0.48139840955864704] 
[0.8015802978681631 0.35896896873545314 0.47813210052724175] 
[0.7949651737533298 0.3561771198998972 0.4910888226982493] 
[0.7764882259081617 0.4170510795956579 0.47237107451038113] 
[0.7692166157165177 0.4116104848223821 0.48875618347997446] 
[0.7767250337334537 0.45301121842973263 0.4375832011727302] 
[0.7770004870320668 0.4614590402387109 0.42816561904699757] 
[0.7786833663159922 0.48632914282279877 0.3964040613616818] 
[0.8127942183379299 0.4619655157628384 0.35489917002214644] 
[0.86437966104287 0.4229915023545542 0.27189334399953624] 
[0.8727246460353988 0.42106222232497764 0.24709977161693028] 
[0.8627064404312859 0.4359271741724975 0.25633005375172374] 
[0.8721052998644332 0.441403834866565 0.21117528386025] 
[0.8373211838801593 0.5210103970114168 0.16565446336134274] 
[0.8401014700809964 0.5037756168031433 0.20109611603002533] 
[0.8325919068236628 0.5284035297267293 0.16607355738970173] 
[0.8864067008638818 0.4378488756813749 0.15023821993142997] 
[0.8763284461472551 0.4530318395119628 0.16373944809221902] 
[0.8610605934610247 0.4679998436819133 0.19887383111473653] 
[0.8483665200592028 0.46365426090003475 0.25553663923570885] 
[0.8708396020301331 0.4543129993293268 0.18771810295331312] 
[0.8993278676320412 0.41983902501250214 0.12224802483867508] 
[0.8969999037660235 0.43336443457728 0.08710016927227643] 
[0.8921997626907104 0.44795190797127515 0.057607912646911216] 
[0.8470903623544496 0.5195758351251106 0.11170886070608425] 
[0.8438906969904287 0.5289751087412997 0.08963161197445065] 
[0.8451450568211927 0.5253741582585043 0.09854860102949865] 
[0.8583713824767094 0.5106377981387804 0.04947331459484532] 
[0.8455339011047845 0.532589049706583 0.037700480304147584] 
[0.862479854613525 0.5056080726853538 0.022112829335812795] 
[0.8638561755025332 0.5036946558941575 0.006648433635288613] 
[0.8430503308186562 0.5378344135464248 -0.0005322703519091028] 
[0.8436375700191815 0.5299852423307858 0.08597263148065756] 
[0.8253766816208754 0.5533317589022438 0.11214855338639541] 
[0.8378210227481422 0.539180379430839 0.08567643945725976] 
[0.8751190049169479 0.48126830770823253 0.0504731931704841] 
[0.884991446203989 0.46009943167012607 0.07140485363474337] 
[0.9021019542258714 0.4283055739672569 0.052596572991426935] 
[0.9087537584760031 0.41642377909330447 0.027528942249726678] 
[0.8837732441452059 0.4666281079191954 -0.03468518174681699] 
[0.8850230950225778 0.46551413696968635 -0.005541620523379377] 
[0.884414850609378 0.46518944202762025 -0.03753871398466945] 
[0.8899044052111962 0.45227859197567166 -0.05928089765017821] 
[0.9012793688080003 0.43263089832038 -0.022934802801713502] 
[0.9046662559091048 0.42576719596577783 0.01735685048736425] 
[0.8981677820272489 0.43895777740606373 -0.0247124459125544] 
[0.9132166201427013 0.39691390806099086 -0.09216699128696933] 
[0.8838008188428104 0.4654852126918986 -0.04711294278599098] 
[0.8759511538064569 0.4726925755353612 -0.09628761695505633] 
[0.8647211763971224 0.4960170109619465 -0.07889494233950019] 
[0.8603368919819604 0.49534143830632055 -0.12023847883039074] 
[0.8652527985298849 0.4639998799768362 -0.18984653280395689] 
[0.8253993090370663 0.5426265455941526 -0.15579606111096195] 
[0.8160876903994633 0.5673666908935135 -0.10998145135891792] 
[0.8320140303626525 0.5510890175415364 -0.06366748011975533] 
[0.8998296770064638 0.4356834912902033 -0.0220555615576301] 
[0.9046025770242514 0.4238377418070227 -0.04534033812188473] 
[0.9184836507422051 0.39523529585101863 -0.013298279318355432] 
[0.916621401317789 0.3995273667185185 -0.01353107125023407] 
[0.9291198543247157 0.3697545618428592 0.0042261443437431575] 
[0.894086272011154 0.44751428525732334 -0.01845813348699664] 
[0.8824158239308612 0.4669106932127445 -0.057764333632560096] 
[0.8853082585950471 0.46496804353256416 -0.005831445524464878] 
[0.8831234294685077 0.46794722297814745 0.033442560171458524] 
[0.8965244237129327 0.44296388803588654 -0.005191491339160562] 
[0.8982014525059987 0.439538618562406 -0.006320878765301934] 
[0.8943681604682049 0.4470686614905375 0.015336409416110093] 
[0.9058206676937199 0.42292604778045906 0.024949470689863733] 
[0.914384103672012 0.4018752439195995 0.048969370799446306] 
[0.9061950204301668 0.40811878858045236 0.11067808886673783] 
[0.907285815289354 0.40585482182501065 0.11006503975432368] 
[0.9054490262112052 0.4130846213157654 0.09758666182215239] 
[0.9248063457642774 0.37276730483571147 0.07601157332698448] 
[0.9195269240851129 0.39275181231464423 0.014705434578194869] 
[0.9376148678478678 0.34685870586575984 0.02382011242113817] 
[0.9284072295291449 0.36425186707561946 0.07335252885853932] 
[0.9114943926468353 0.4020161732784474 0.08695383025451171] 
[0.9035519604007218 0.4191761123187467 0.08879888353664166] 
[0.9174155593240833 0.3976771442049423 -0.014197904320037624] 
[0.9104430409838443 0.4127568441619561 -0.02693059081328332] 
[0.9043594434136724 0.4255857230144655 -0.03179291548076938] 
[0.8974333882839732 0.4408868224073749 -0.015235597155188716] 
[0.8956979032018335 0.44434867016283947 0.01671901684773688] 
[0.9192749849049521 0.3914401944163697 -0.04132888001476769] 
[0.9027287973445078 0.4234142473174136 -0.07616491064503861] 
[0.8802121351128288 0.46973675346878263 -0.06763120315892157] 
[0.8870490191728435 0.4535123228490332 -0.08643269409529529] 
[0.8661343526630839 0.49815811957585904 -0.04061737359240158] 
[0.8748094317266536 0.48330914990044105 -0.03347721291568455] 
[0.8779633554722189 0.4780063506077073 0.026273089400823624] 
[0.8377739001505693 0.5449038218129358 0.034852793290644675] 
[0.8632336048078929 0.5047627214328705 -0.00650681043622381] 
[0.8636371072962732 0.5035584607972917 -0.023660588758271022] 
[0.8749316177241157 0.48414246867513744 0.01003664943122397] 
[0.8695650059204556 0.4938017931977797 0.004060728163167108] 
[0.8881537990731705 0.45746313011780787 -0.043707136427724363] 
[0.8698752293730916 0.49327177608400513 -0.00020060419287664237] 
[0.8912515611017688 0.45153645830076045 -0.04225496016878249] 
[0.9015008790940546 0.4311321814022436 -0.03769890120401225] 
[0.8957470665022432 0.443411849137933 -0.031986323588446] 
[0.9023501115356966 0.422122057639254 -0.08704737024125545] 
[0.8897188558704204 0.4512292416210025 -0.06922809411478135] 
[0.8781845664656359 0.4771218151070334 -0.0338620845568146] 
[0.8501029601395921 0.5209975235184077 -0.0767237749956913] 
[0.8471544769976452 0.5259557187766154 -0.07549750981999469] 
[0.839728056166899 0.5346092749892044 -0.09512998886617441] 
[0.8456062454804492 0.5218212395708309 -0.112484094596613] 
[0.8818206823701991 0.4460627191329769 -0.15303703716372585] 
[0.885089247075996 0.44255983680953115 -0.14407572853734824] 
[0.8791631213672757 0.45298022498325613 -0.14792268859734675] 
[0.8462351478045803 0.4973783930338214 -0.19105184836387584] 
[0.8927352628136167 0.4206398019792249 -0.16151132319432376] 
[0.9094869729643692 0.3867251009902819 -0.1525684838758161] 
[0.9156085941358235 0.3620191299911177 -0.1749372798036345] 
[0.9284554286951145 0.3453934130849906 -0.13665250500474604] 
[0.9233227000263848 0.3554052582565435 -0.1454726572919671] 
[0.9302659009832757 0.3086026660592526 -0.19841811401405807] 
[0.9310494777917032 0.2664911438362956 -0.24925757794020967] 
[0.9178644068307867 0.24105700712613992 -0.31530374242713355] 
[0.9015162886088041 0.23629708249650558 -0.362535612287465] 
[0.9197346544889825 0.18549231568817684 -0.34594908028880444] 
[0.9153116929263223 0.15558112428011928 -0.37148219144406386] 
[0.9175901658313704 0.1856757400403411 -0.3515007925027055] 
[0.8993752376590466 0.24483299087199192 -0.36218916116638344] 
[0.8752605841844567 0.2735554301760137 -0.39885628538898504] 
[0.8867548192446675 0.3023151847741949 -0.3496733041015595] 
[0.8429513443490897 0.3325526142886879 -0.42289690208113595] 
[0.8440952679376307 0.32372027446002344 -0.4274439876157188] 
[0.8684056981051264 0.276793489623491 -0.4114084437643426] 
[0.8707683821915789 0.2114286647784443 -0.44391479394751465] 
[0.8606978795022716 0.23951925128814427 -0.44925459205517315] 
[0.8721691400685847 0.28028689861011086 -0.4009491807942134] 
[0.8500072748287086 0.3190841079400629 -0.419133588248862] 
[0.8593818500778284 0.2592612067285465 -0.4407340041821899] 
[0.8380597992251949 0.27504778988133655 -0.471173520270418] 
[0.8470857936987339 0.3014768644609668 -0.4376726611390865] 
[0.8581595936326403 0.25584368620333975 -0.44509113683171514] 
[0.8510656569373651 0.2684948881597302 -0.45121806547817356] 
[0.8222392631788786 0.30150616141408765 -0.4827179598030271] 
[0.8335593945239441 0.273907679767992 -0.4797429715639314] 
[0.8306201982013283 0.2609269638358131 -0.4919219510078917] 
[0.8232278649620393 0.20812333782017609 -0.5281861022448728] 
[0.8114959113774207 0.24628709248151168 -0.5299217431798138] 
[0.8467722260553009 0.22018926572779088 -0.4842452730173076] 
[0.8516226808381714 0.20721604570698335 -0.4814564568925911] 
[0.8517921189211879 0.1777706134820313 -0.4927958960117009] 
[0.863059509816132 0.1650804165175765 -0.4773643667035919] 
[0.8696834069894946 0.14410550578880205 -0.4721063172723903] 
[0.8697702078505024 0.20918997871170011 -0.44692207188982347] 
[0.8856610653865156 0.18935152673130226 -0.423969900562466] 
[0.9174536508461729 0.11146114239689207 -0.38190995311016507] 
[0.9087056529799269 0.1326247407711345 -0.3958089367077432] 
[0.9072038800764488 0.1636807972372992 -0.3875431802909177] 
[0.8897073580481453 0.19072053713373815 -0.41478487647262113] 
[0.8951671579863116 0.22064874510586358 -0.3872852831517327] 
[0.8659440643063913 0.22110107377511012 -0.4486147486073342] 
[0.8901804200256054 0.20884056294314987 -0.4049252265204345] 
[0.8626265183678402 0.15001956083704046 -0.4830834515638469] 
[0.9131432525566118 0.1354883826007642 -0.38446365041517394] 
[0.8950083427781451 0.13031273013669445 -0.4265895670569537] 
[0.8779003348921693 0.12919292741984725 -0.46108588083014096] 
[0.8601190079549876 0.13283930266331065 -0.4924926515415772] 
[0.8315724878988338 0.14292806447247625 -0.5367110635676293] 
[0.8678072268228785 0.1699641488415244 -0.4669291222258057] 
[0.8306051774783133 0.17036789240041933 -0.5301601837041883] 
[0.8315997048381502 0.19788568050959407 -0.5189250315434363] 
[0.8433372468507562 0.21771340079182414 -0.49130760546713004] 
[0.8469958776702599 0.252132352912107 -0.4680034827056216] 
[0.8547922801620584 0.19217175004074316 -0.48207901454183544] 
[0.869278676882122 0.2036960116720403 -0.4504026162745629] 
[0.8747262733900831 0.19902402303437208 -0.44186353650908006] 
[0.8678814130838011 0.2053516325703056 -0.4523411984601609] 
[0.8644627435097371 0.18252968039525438 -0.46838774627270624] 
[0.8253991631963565 0.19496913171453026 -0.5298143628415867] 
[0.865731517965451 0.1034371339211799 -0.489703684004325] 
[0.87816595918487 0.1411307650792686 -0.4570630758189264] 
[0.8740841286240925 0.17637273245537083 -0.45262522613491996] 
[0.8757445758500304 0.1445215333291961 -0.46063539190278074] 
[0.8753854928216883 0.1714262511146151 -0.45201026469110084] 
[0.8609906974416134 0.1557289878909369 -0.48419366089351973] 
[0.8747167677814754 0.17877379175644878 -0.45045588856507385] 
[0.8855392996044883 0.1012802417894126 -0.4533899662311359] 
[0.8525548829582406 0.2125703873214551 -0.4774557591841021] 
[0.8455310712766442 0.18397592613241237 -0.5012285567577843] 
[0.8478368846972938 0.20741083838862648 -0.48800959116160275] 
[0.8670572185715404 0.1268245513054508 -0.48179592454602094] 
[0.8711235364855314 0.10186651600720793 -0.48038213653038164] 
[0.9002227765371001 0.09435009181730497 -0.42508471247258495] 
[0.9102756576455242 0.0708694848817893 -0.40789182783012234] 
[0.9056325411444524 0.022039049748107598 -0.42349023684902354] 
[0.9065098698946125 0.024224169038982665 -0.4214890810187418] 
[0.8767554401465394 0.023419188529130722 -0.48036594361183094] 
[0.8365020846365653 0.014845807559435138 -0.5477625985740433] 
[0.8397448189621292 -0.05142414499181316 -0.5405406518830216] 
[0.8466002974365612 -0.011074210760414484 -0.532113989889723] 
[0.833914557481024 0.003791632538662264 -0.5518805435453579] 
[0.8404925263164472 0.020710597614740752 -0.5414271736370798] 
[0.84596092767728 0.012217850472965868 -0.5331048986580561] 
[0.8340059943170792 0.06173722514501248 -0.5482905402016104] 
[0.8827921538717388 0.0407654929832094 -0.4679916533917373] 
[0.8686279616269998 0.05721186364619445 -0.49215065471647235] 
[0.8348722649659793 0.0656003919728901 -0.5465207130233756] 
[0.8241592751666913 0.1259037361161369 -0.552186325789323] 
[0.8514616810026815 0.11408634148277025 -0.51185673041503] 
[0.8336106164626428 0.12283052014829345 -0.5385220547395176] 
[0.8445452539863098 0.10649754126358826 -0.5247871832219324] 
[0.8347631382547462 0.17319078245070482 -0.5226618944262151] 
[0.8475615902559127 0.1888241502999308 -0.4959685383029625] 
[0.8714365167643746 0.15731426203503723 -0.46459726668367923] 
[0.8549003177041151 0.15334984508592286 -0.49560999969888236] 
[0.8673154616812945 0.1365676460298373 -0.47865767306754026] 
[0.8608243044009093 0.1437972676191515 -0.4881637663509623] 
[0.8313371759708483 0.13586034696200786 -0.5389067321644608] 
[0.8438463666901438 0.17173443397636382 -0.508360692432707] 
[0.8546627981683884 0.15011989019952063 -0.49700655930627774] 
[0.8601326679308455 0.16710541633274187 -0.4819207127634452] 
[0.8375072925499684 0.15292243953907853 -0.5245915195759827] 
[0.8672127251835804 0.15725210807444245 -0.4724551447341977] 
[0.8471144824423102 0.1673924588805701 -0.5043578276842875] 
[0.8332428814170846 0.08770513830452169 -0.5459066855083742] 
[0.8520305836547769 0.0952485451230881 -0.5147539209844206] 
[0.8218795804450758 0.08558138696294076 -0.5631960417589291] 
[0.7811322689170007 0.05464700408535415 -0.6219695196720445] 
[0.795446841235856 0.062932286230973 -0.6027469204547145] 
[0.8088048090032788 0.03155208470540963 -0.587230148139477] 
[0.8058791944307485 0.04958766838247664 -0.5899998196000041] 
[0.8106586537545011 0.05731151466210441 -0.5827074200489261] 
[0.8139136475286224 0.028704259511787324 -0.5802763478313875] 
[0.8172168938311817 0.04462912541791177 -0.5745996776899092] 
[0.8093756588709252 0.030630400898314612 -0.5864919618955268] 
[0.844216795979976 0.007534281498539655 -0.5359489117328293] 
[0.8877908067387571 -0.021152422398429203 -0.4597608709936346] 
[0.8857205286867592 -0.003324371633359501 -0.46420695127937417] 
[0.9246639397624026 -0.01378675142741824 -0.38053452404236665] 
[0.9148771357318478 -0.06075681717876462 -0.3991346084736279] 
[0.913419131945902 -0.10325409525720969 -0.3937055768055746] 
[0.9174263443962861 -0.08574175570303816 -0.38855791580744753] 
[0.940582805068239 -0.1040263932792708 -0.3232375230558322] 
[0.9246544659126678 -0.13660127295052776 -0.35546337490106417] 
[0.9165463916164679 -0.11540691847776462 -0.38291507567905786] 
[0.9118213304402557 -0.1499653036940709 -0.3822201839805261] 
[0.9230266726626161 -0.17937376973893746 -0.34036276571185414] 
[0.9308792174888274 -0.16513179668427874 -0.3258763142224521] 
[0.9208479679600272 -0.14965514723579607 -0.36005882409645357] 
[0.9209110958659288 -0.16146503830354497 -0.3547559653010062] 
[0.9355685452013011 -0.1265288371578728 -0.32969978859167876] 
[0.9309153758677403 -0.13294883645970787 -0.3401781442965342] 
[0.9323270851538119 -0.17335265776540557 -0.3173563648869629] 
[0.9273577507285972 -0.17751344003906763 -0.32938819160542704] 
[0.9129307701831331 -0.21558610907259576 -0.346525667776242] 
[0.9171400161454819 -0.19955008508416283 -0.34501297704226835] 
[0.9263873764051939 -0.24605714635274567 -0.285065447863899] 
[0.9217047774335382 -0.20140664403921935 -0.33150515379561] 
[0.943485986160592 -0.1824332881052757 -0.27668084377071156] 
[0.963978078241671 -0.13230693332713553 -0.23074041705575452] 
[0.977184346668378 -0.07887376949322712 -0.19720466807919312] 
[0.9698000561753902 -0.12279129867706158 -0.2107371538467069] 
[0.9672104016703591 -0.11395178091261463 -0.22697803974725403] 
[0.9766142000731658 -0.06658411163008872 -0.20442910823530594] 
[0.9850783908286261 -0.038167062516233086 -0.1678208546676077] 
[0.9819476355687005 -0.03175153045671119 -0.18646898217852464] 
[0.9727609969436586 0.08441097921641842 -0.215895413135399] 
[0.9743914038071492 0.11847099100655001 -0.1911178078480889] 
[0.9684612561827902 0.10019580203525928 -0.2281306567021695] 
[0.974713463650203 0.042005823630988794 -0.219474769757498] 
[0.9725961953020347 0.0433782713248146 -0.22841840219403814] 
[0.9595945410082447 0.037415134902579465 -0.2788878350652788] 
[0.960251349863403 -0.040106125212999014 -0.27624055423835164] 
[0.9678544665329918 -0.08458552302134184 -0.23686076270109402] 
[0.9775347091181336 -0.09381970789166198 -0.1887425624506817] 
[0.9748850901912275 -0.13736322493520206 -0.175300899479276] 
[0.9761621661922941 -0.15489450658489734 -0.152036565090734] 
[0.9798489757977534 -0.13121057661783525 -0.15059803853871664] 
[0.9951337171264794 -0.0669680203364332 -0.0722784151061393] 
[0.9948589704721623 -0.04748455773324063 -0.08944744629081358] 
[0.9958110390520206 -0.06810418679661479 -0.061009788090982495] 
[0.99290776982672 -0.07373735668008238 -0.09325750826375136] 
[0.9847768332201656 -0.12845513969836536 -0.11710621605164871] 
[0.9910663159067832 -0.11923684827192682 -0.05975057731213798] 
[0.9896054658516563 -0.14256014402977793 -0.01891103621526549] 
[0.9859661023035752 -0.16670177561377783 -0.009020150525886436] 
[0.9748062812969283 -0.2211990589366477 -0.028700004696779868] 
[0.9787647236770415 -0.197475287956968 -0.054982964013566574] 
[0.9796889217425641 -0.20050714303210265 0.0025499427437820606] 
[0.9846588129839532 -0.17448801284845056 -0.0009774380956798928] 
[0.989605479632211 -0.1436261612721523 0.007247101498326398] 
[0.9883592731112162 -0.14570504194138706 -0.04377200027331366] 
[0.9854512805336847 -0.15640795215519393 -0.06650057290835487] 
[0.978773491739147 -0.15830431961050773 -0.13016218445236716] 
[0.9794111107034468 -0.1408044653021443 -0.14466505722398268] 
[0.9740252972445468 -0.15440643561332776 -0.1656302296347489] 
[0.982729876713187 -0.120651392815027 -0.14030406561136466] 
[0.9878305227683882 -0.0922880244189179 -0.12519496330118876] 
[0.9880015980955201 -0.05794246733696914 -0.1431625392328682] 
[0.99427634939807 -0.0040668449124335055 -0.10676142468188181] 
[0.990990798535976 -0.009102543079040072 -0.13362028635848208] 
[0.9863847188818798 -0.07426792201018503 -0.1467292135759058] 
[0.9644589862155494 -0.14670660104046776 -0.21976359370748366] 
[0.965356520037507 -0.2062589223438635 -0.15982504864576896] 
[0.9622940934368 -0.23610786284703883 -0.13506722340542568] 
[0.9643811628375651 -0.23214843635285334 -0.12679146762692942] 
[0.9595336306979857 -0.2246403262124603 -0.16979969198647207] 
[0.9668465492144096 -0.20216231512439473 -0.15600688643689192] 
[0.9537281946745686 -0.2079669858372032 -0.21714571947099673] 
[0.9572387572442143 -0.15606951514324927 -0.24359036941657522] 
[0.9529767080456933 -0.12975511607682397 -0.2738594598955515] 
[0.9492103306726108 -0.12736232604153955 -0.2877126796817989] 
[0.94955613825456 -0.0642979374745949 -0.30693470891966596] 
[0.9559955600341348 -0.03389965944104424 -0.291416029560493] 
[0.9608197805466003 -0.049273491019208374 -0.27275900057223157] 
[0.9604983234036714 -0.016495760961607122 -0.27779643735842563] 
[0.9694461602450096 -0.0038081065678193067 -0.24527462304644423] 
[0.9754262201920516 -0.012585622948860394 -0.21996656804350173] 
[0.9818253679276406 -0.045361509757759544 -0.18428586577990744] 
[0.9790784704158687 -0.09462297117953239 -0.18014394825605487] 
[0.9765145247324416 -0.10769117668927596 -0.18660652038407688] 
[0.9809132233282126 -0.08186320435079854 -0.1763736490331694] 
[0.9794625405755745 -0.07826010208061063 -0.185818427588799] 
[0.9724504116593842 -0.141883179588725 -0.18495772547608788] 
[0.9689447871702391 -0.17078390994823706 -0.17882632781112592] 
[0.9771936074137593 -0.09966095366777948 -0.18751092753147067] 
[0.9734102291126371 -0.05873420790079557 -0.22141097235943277] 
[0.9717432782954506 -0.08270315766724191 -0.22107733669346985] 
[0.9773370590970596 -0.05553663794010182 -0.20427421462783904] 
[0.9766667581844927 -0.03222275066909327 -0.21232931450158038] 
[0.9853342562583398 0.019844040980927326 -0.16947748370025906] 
[0.9958504847209381 -0.02338368649349777 -0.08794893567887263] 
[0.9831267931320383 -0.08804028178199602 -0.1603453067902558] 
[0.9812634109679998 -0.10750367485861669 -0.15989083209283492] 
[0.9877363280529154 -0.05099083978843211 -0.14756991733484714] 
[0.9907155623947765 -0.06262741632110452 -0.12066681877693121] 
[0.9918267255216959 0.06404357615021979 -0.11035473209066106] 
[0.9796752688384363 0.10541101957581919 -0.1706601434967285] 
[0.9753284353713928 0.0747345057716351 -0.2077238474587357] 
[0.9807560154882086 0.032624653657728556 -0.19249225973375186] 
[0.9867980904186282 0.04209126889892382 -0.15639006946934855] 
[0.9791119160825348 -0.026379569279889735 -0.201603507186246] 
[0.9862150095865719 0.06283645976900233 -0.15307362342956599] 
[0.9910908506492777 0.0029212535758174115 -0.13315551823652289] 
[0.9966251899484134 0.007814778432179486 -0.08171389109781024] 
[0.9977746753835599 0.015723190983644407 -0.0647956667418729] 
[0.9946077869989753 -0.0009537950969115837 -0.10370361766068761] 
[0.9975986106270287 0.016850935968279163 -0.06717929764454866] 
[0.9924850514609707 -0.009621750084662404 -0.12198706714985236] 
[0.9841669961922057 -0.0097037212592643 -0.176977855676165] 
[0.975335166726433 0.015223207557894854 -0.22020346613614086] 
[0.9749424366638004 0.026099577784954114 -0.2209209298176585] 
[0.980737035599137 -0.029667082289852792 -0.1930666497161648] 
[0.9834119871284472 -0.02756831050786994 -0.17927869875648936] 
[0.9872490495253461 -0.03006937932266835 -0.15631745468261066] 
[0.9793800881111787 -0.08508512423489738 -0.18323527129150638] 
[0.9588847542149854 -0.12738134299858248 -0.25360209303147374] 
[0.9687440183838126 -0.07578735606881608 -0.23620182790503932] 
[0.9617333769457738 -0.09476445757224533 -0.2570770492469451] 
[0.9631041023466438 -0.05053653548757191 -0.26434172319930627] 
[0.9600374293980781 -0.048943100524188154 -0.27555889944948153] 
[0.9383315261205227 -0.10181438735221145 -0.3304054745557722] 
[0.9417616325164723 -0.05030079557554014 -0.33249790598495005] 
[0.9445761961909072 -0.05155753053457739 -0.3242184921232794] 
[0.9434043822065211 -0.06273953544235752 -0.3256561412379769] 
[0.954628811488988 -0.08298126395663077 -0.2860033952722976] 
[0.9510701998495803 -0.059693133858849265 -0.3031537641662874] 
[0.9478932901906283 -0.019064925662464198 -0.31801704202930753] 
[0.939050610529266 0.057286019834345225 -0.3389723628795601] 
[0.9359921440306637 0.07783706835753863 -0.3433075838113472] 
[0.9473396886438437 0.09070100438804227 -0.30711698442643304] 
[0.9655535348346147 0.06755073219167448 -0.2512832464545718] 
[0.9727963376318526 0.04002990442726978 -0.2281773263091628] 
[0.9466326171079128 0.02086241048197257 -0.32163869178987975] 
[0.9375778994766476 0.05006519635582632 -0.34415281275446524] 
[0.9256888844465867 0.05421470069223728 -0.3743806290940876] 
[0.9348810127564611 0.05087454758525953 -0.3512965590429952] 
[0.8966033160793685 0.12414404607501815 -0.4250773452203774] 
[0.870843313503245 0.05849980291683992 -0.4880673072286033] 
[0.8439038719844633 0.08634997867392744 -0.5294997035246036] 
[0.8298241164060928 0.13276054368100665 -0.5420023744158052] 
[0.8442533304091084 0.15543646464419253 -0.5129091728094199] 
[0.8495430064578126 0.14442893873602347 -0.5073627517212977] 
[0.848860316705431 0.10923814873246157 -0.5172071051177276] 
[0.8187999336580872 0.17401715610277563 -0.5470691894298327] 
[0.8076593431520837 0.15811253428325175 -0.5680552894936131] 
[0.8227382387775561 0.12352298761491541 -0.554836788599936] 
[0.8213417537036292 0.241132509098141 -0.5169650246187663] 
[0.8049276818541542 0.2570796672981955 -0.5347910541947639] 
[0.7937820004876003 0.28920928083687875 -0.5350403046310797] 
[0.7928857098550657 0.2956766319199633 -0.5328297856202252] 
[0.795155676930351 0.2654815216650317 -0.5452036418622446] 
[0.7844618354544824 0.23107719527198034 -0.5755197290628874] 
[0.7632693487173219 0.24811913372847275 -0.5965373389708872] 
[0.7629379612311885 0.2249331937465861 -0.6060781514486049] 
[0.7886854027632149 0.2357015782050941 -0.5678204835155678] 
[0.7985953221769417 0.20734932534502473 -0.5650236885972745] 
[0.8520507708955363 0.19367907295756126 -0.4863104980510109] 
[0.8540112501642095 0.22750929154844446 -0.4678721052297182] 
[0.8936967371676662 0.19734048466213663 -0.40294276899974274] 
[0.9012673604363866 0.14414664595771443 -0.40858155791857464] 
[0.8945221389777229 0.12064397115305835 -0.4304360290486142] 
[0.9059415259713511 0.04779848754244045 -0.4206961565184009] 
[0.9022456799662767 0.08882124737469062 -0.42197573271101163] 
[0.9166758958872236 0.06992285667624891 -0.39346676608525466] 
[0.911961612396685 0.09316008473877838 -0.399558776810499] 
[0.9180310536046078 0.11006763637529925 -0.3809253208180952] 
[0.9219580814277749 0.1290255233660884 -0.36516531928720086] 
[0.9249946998371001 0.13833263987736172 -0.35390519354458955] 
[0.9373702695710963 0.1501640326213352 -0.31430517181730994] 
[0.9365654732870314 0.08816981544830346 -0.3392214584758033] 
[0.9618016533230213 0.13042491392931155 -0.24068012275972073] 
[0.9387865211601628 0.1972355158956795 -0.2824500291332336] 
[0.929534590834314 0.20621873377641795 -0.30567839027666865] 
[0.941249452800869 0.2083519077169992 -0.26577989042204075] 
[0.9452463111005813 0.19556406437364612 -0.2612740095692708] 
[0.9420421521667908 0.1422027765896621 -0.3038666712081989] 
[0.93687483648281 0.14245897387933104 -0.3193289550394013] 
[0.9363352273814426 0.12446862035917775 -0.32830459105901233] 
[0.9259826163156061 0.1548956056093032 -0.3443305761099819] 
[0.8904424891605451 0.18533412640275201 -0.4156482107360756] 
[0.8903038488254532 0.19206914519004797 -0.41287831165193106] 
[0.9042955821646056 0.17877102609430087 -0.38767308432075637] 
[0.9303952141407851 0.07098802617916657 -0.3596184723329833] 
[0.9491242171165215 0.12687432436055554 -0.28821194683947904] 
[0.9456413155577597 0.17024079077506063 -0.27709308087080003] 
[0.9265431607886742 0.19683956112984022 -0.3205806581344935] 
[0.9206599678513531 0.22906930106624365 -0.31608935272319477] 
[0.9140151684068885 0.26672292683991083 -0.3056716411773898] 
[0.8882421760981306 0.32203418117980115 -0.32759704325941713] 
[0.8961496542137347 0.3090876827984943 -0.3184032060059398] 
[0.9247560385654368 0.2358216865602964 -0.2986877990220184] 
[0.9340213643761063 0.20698018976441332 -0.291141360740937] 
[0.9429617344479887 0.22563486540021194 -0.2447694320838882] 
[0.9343859144382989 0.20795929278510783 -0.28926786106241037] 
[0.9327715273011278 0.1653495121204762 -0.320307378463004] 
[0.9184044487923813 0.10444967949902305 -0.38160651578676363] 
[0.9348639764747733 0.0983959551427418 -0.34109761286371115] 
[0.9255205817937807 0.13784399735941916 -0.352718988811317] 
[0.9129946385064182 0.15432278125002552 -0.3776576084839172] 
[0.9245274123263441 0.12425840296742441 -0.36029004031354955] 
[0.9254607621366395 0.15517654850804885 -0.3456047113952579] 
[0.913582408126682 0.15044981134129612 -0.3777989383638086] 
[0.9024721684206412 0.16057250508034773 -0.39970045764092843] 
[0.9081615012059487 0.18005300768035823 -0.3779201002230689] 
[0.8935060716998414 0.1944295759149557 -0.4047765307488174] 
[0.8961569610701394 0.1500911275442779 -0.417582751748704] 
[0.893421767124599 0.19423908040097473 -0.40505397871511195] 
[0.9166877285626255 0.1797682637658066 -0.3568851070657358] 
[0.9299948620316627 0.19114963415011593 -0.3139607841100309] 
[0.9551289371322679 0.15761891860531418 -0.25076879780043515] 
[0.9628736695956945 0.1633922768144295 -0.21488894870774128] 
[0.9660512886197834 0.12679502377742047 -0.22509537912036134] 
[0.9619905447471063 0.09129584228320792 -0.2573698913994514] 
[0.9600595019026923 0.11912905655961649 -0.25316796931991586] 
[0.9523714500380404 0.14453040683110147 -0.26851365450136216] 
[0.9323497111695913 0.18821483555040558 -0.3087056717339564] 
[0.9408241319722831 0.19829741383431457 -0.274823740541502] 
[0.9493509442964604 0.1770228417210108 -0.2596068143798176] 
[0.9406288897619856 0.15905221333701838 -0.2998661120862612] 
[0.9364484160194735 0.15199756628907393 -0.3161662600228202] 
[0.9377045548165922 0.18065570648274032 -0.2967721071654788] 
[0.9033177020018885 0.2598834512638645 -0.34128832533388787] 
[0.892097149720302 0.29825995057175836 -0.33941667216836197] 
[0.8722377686688896 0.33605563320236553 -0.3553419287115915] 
[0.8642025611802342 0.2998048109850626 -0.4040680741653991] 
[0.861567008072286 0.24377139612586582 -0.4452839510157709] 
[0.8572336134968752 0.2172837564826116 -0.46683862421600797] 
[0.8886051484188491 0.17808733703690757 -0.42268876326514554] 
[0.8860498159177163 0.20785212885738796 -0.4143829343030828] 
[0.8918293535004115 0.16789526917480005 -0.42006140363494426] 
[0.8755782964578847 0.20161107784635224 -0.43899387246468574] 
[0.8740087255601169 0.18900646538381144 -0.4476441708409687] 
[0.886580545712216 0.13456536473034006 -0.44256875011643093] 
[0.9207885748857836 0.12439023937424705 -0.36969645482236535] 
[0.9397358596609463 0.04522209657733151 -0.3388974417850522] 
[0.9104367388490578 0.06371218351615748 -0.40871224868542366] 
[0.902966000759753 0.04222941553547077 -0.42763194213654127] 
[0.9227023975879527 -0.005864831126228123 -0.3854684023902665] 
[0.9184584802691488 -0.0234659926230481 -0.3948206772851448] 
[0.9095603844504747 -0.020442178155129054 -0.41506869839892635] 
[0.9322583285315195 0.005139635501553115 -0.3617568147672253] 
[0.9494576467001327 0.007851724708332286 -0.3137969527285929] 
[0.9579003725019394 0.05485787907238785 -0.2818110882565222] 
[0.9673176206838402 0.028904505883206387 -0.2519149663164174] 
[0.9676316539107841 -0.049184617433802306 -0.24752748485324025] 
[0.9821746596556458 -0.02174300898978426 -0.18670880935399503] 
[0.97327053707151 -0.047627082745876285 -0.22466891787172502] 
[0.9743942005516452 -0.0007803034957078308 -0.22484513127433872] 
[0.9830652560105531 -0.04287674005853297 -0.17816926667317934] 
[0.9785396595145177 -0.045748588696168026 -0.2009159062630937] 
[0.9792447163819448 0.035556387265382024 -0.19953828896399525] 
[0.9893276939456372 -0.03666217800937425 -0.14101985213372073] 
[0.9896367914858074 0.02019882704628438 -0.142165496248671] 
[0.9884897559979056 -0.032084935021820984 -0.1478464041897773] 
[0.9881805299608658 -0.08020070694113546 -0.13064106097397] 
[0.9874663222318946 -0.10558086728649048 -0.11731556981427844] 
[0.9930376126895301 -0.06501798372831852 -0.09822912793964503] 
[0.9946394349361023 -0.07987497819721362 -0.06566873173730298] 
[0.9847653162794235 -0.14743524876042155 -0.09219609143580498] 
[0.9750982447139311 -0.15924704590428157 -0.15434957572526783] 
[0.9852218889948939 -0.1113012819593933 -0.13019160525751444] 
[0.9885238243284022 -0.11892429057107226 -0.09315396850009941] 
[0.9827013886429978 -0.1774304057121234 -0.05307006583711089] 
[0.9885664479434165 -0.13868608125142767 -0.05918233577393529] 
[0.9837425841804626 -0.1418393266678319 -0.11014596443066546] 
[0.9915441495171277 -0.10083127786677619 -0.08168998079390785] 
[0.9939028869277378 -0.0027855054742447773 -0.11022382825851025] 
[0.9952781521924301 0.03829162277352288 -0.08919165540448232] 
[0.9937754294851174 -0.015359136111413875 -0.11033808358668029] 
[0.9969130193104927 -0.015500066231193143 -0.0769686941299227] 
[0.9920952405750468 -0.020110051683572067 -0.12386532787517278] 
[0.9949817922330566 -0.026528825972934066 -0.09647514973915475] 
[0.9964023793011989 0.049719994347982514 -0.06863104752913265] 
[0.9997042276116351 -0.002125522831400414 -0.024226833225109205] 
[0.9988912792206176 -0.03367818371946317 -0.03289365042612637] 
[0.9981133459141798 -0.059514757869959474 -0.015091133280217672] 
[0.9980687178437246 -0.05913195958843809 -0.01903275642188823] 
[0.9955687182405777 -0.07921533795938297 -0.05067403174007514] 
[0.9896567889873513 -0.12260743939638935 -0.07447721675724676] 
[0.9883302870804989 -0.1191946388343684 -0.09484662204065603] 
[0.9867120752813205 -0.12570264457958694 -0.1029471983092685] 
[0.9888690762817176 -0.14065647063540596 -0.04851502078875905] 
[0.9895080150835092 -0.09728045867133679 -0.10681947596851378] 
[0.9916410512460072 -0.0764578440039322 -0.10393374607885594] 
[0.9946617803057574 -0.05148180520703868 -0.08942911456346751] 
[0.9994435591420536 -0.017648992017794025 -0.028303448027049947] 
[0.9997085207737121 -0.021374626998647436 -0.011224919291700254] 
[0.9982452706468758 0.05714193098308649 0.01552995024684891] 
[0.9959184035393419 0.07286530241496848 -0.05326519685144977] 
[0.9945777596768925 0.09025703466690609 -0.051659923047079725] 
[0.9975734007340792 0.06772557947413578 0.016141748131380074] 
[0.9925518328473842 0.09940177782406098 -0.0704283016742163] 
[0.9946077991324453 0.08237208163687129 -0.06300925385784065] 
[0.9964047719178813 0.08427041870795378 0.008719348029575281] 
[0.9913564809578909 0.13110791791917942 -0.004800158506230382] 
[0.9852618607993047 0.16555012021083293 -0.043037464521861205] 
[0.97861097137752 0.20507552709632104 -0.016266372850543692] 
[0.9701421203334168 0.24178486295310628 0.019087860061563607] 
[0.9611540705161725 0.27306416889567253 0.04023446775474961] 
[0.923042293569277 0.38376498188497327 0.026783632337582405] 
[0.9346114360885127 0.3507768557235826 0.05879677730322611] 
[0.9372282146895317 0.3391152537650625 0.08126572619333816] 
[0.9549138258897379 0.2773389712698223 0.10593715183834197] 
[0.9587049752353758 0.2528985564448851 0.1301041529200005] 
[0.9470415976455183 0.2591812317885701 0.18957136233509464] 
[0.9331277407333978 0.32167679632866353 0.16061338106618792] 
[0.943583195097523 0.3121413523783039 0.11053746000787863] 
[0.959183272765751 0.25625552186753603 0.11958493533375948] 
[0.9672890523957026 0.23911153524780648 0.0847204982684865] 
[0.9594137316224624 0.26424078551134594 0.09849923272091386] 
[0.9502081903177693 0.2697328644525338 0.15604030532929994] 
[0.9354927839683993 0.3206626256598547 0.14842079250557147] 
[0.9427654342729562 0.32432502002186625 0.0775023698214454] 
[0.922012668418416 0.36855833243995023 0.11856388516337954] 
[0.929255654098377 0.35533236674888075 0.10110805342224952] 
[0.9382363444290732 0.3336552573794792 0.0915790981359991] 
[0.9239502068501104 0.37319744348547185 0.08390282139204977] 
[0.9117340474969458 0.40326593611317235 0.07821516097026165] 
[0.9375824532677259 0.3425742019280689 0.05985030908708246] 
[0.9219419114818925 0.3828199698041727 0.05892353156631723] 
[0.9113729086247659 0.40841760314578424 0.05093606645086215] 
[0.935532720360099 0.3481690698296083 0.059639147794196] 
[0.9151180768841044 0.38676828982074407 0.1138823750589845] 
[0.9006388115880102 0.40867765041201404 0.14775760256261627] 
[0.883369554486263 0.44471130097529193 0.14795299588587046] 
[0.8773433062859886 0.44765103886168667 0.17285042759918987] 
[0.8556776495723232 0.4769171146603237 0.20091248285374466] 
[0.8619491213574704 0.4714268424976303 0.18654877207797266] 
[0.8685111987204489 0.45530199060427334 0.19592956655123533] 
[0.8780577279814501 0.43936172263232937 0.18967314785600498] 
[0.8485437797225329 0.4857652329553718 0.20977509944226228] 
[0.8760965659675868 0.43143751397209285 0.21521263586830114] 
[0.8589984897079088 0.46973591991241403 0.20364125373698094] 
[0.8275300365793067 0.5083125981729907 0.23835339539783182] 
[0.8451535408350288 0.45105070554815213 0.28682530125239536] 
[0.8499862379763438 0.4523751605112315 0.2699631630487016] 
[0.8572667479408856 0.4227057294117068 0.29396188391928424] 
[0.8420816772286875 0.46623643318297625 0.2711494739964226] 
[0.8383467401276571 0.4234282805228851 0.34334128002726894] 
[0.8436556579988044 0.4242209756198239 0.32906184004039307] 
[0.8652592808954324 0.4281922027019739 0.2607255537333295] 
[0.8774316509233343 0.4115421378707537 0.24646859174085756] 
[0.8675408375208022 0.4280165485250397 0.2533273167710447] 
[0.8429182930795807 0.433541659453133 0.3186383227272419] 
[0.8448355966179351 0.4236532697956861 0.32675789459268045] 
[0.8576552734671714 0.4269444273296144 0.28661103933055165] 
[0.8876605506982814 0.3907094355372699 0.24373117099823696] 
[0.8800427837526875 0.3644321428283417 0.30448959266018205] 
[0.8726778886781641 0.3542163982757961 0.3361012433847047] 
[0.8622975087908977 0.35272048612193285 0.36336106698835985] 
[0.8693373535510639 0.3605796185322185 0.3379865447321716] 
[0.8713869881176933 0.3907426647813896 0.29665617616815826] 
[0.8699538290559988 0.37424421708179706 0.32112552264128513] 
[0.874902548489387 0.37991152406423473 0.3003543982197803] 
[0.8826884324237443 0.39852206018605113 0.24908090816114062] 
[0.8873409909044111 0.40089679267244366 0.22783267431544035] 
[0.8566936635190703 0.44618716543523473 0.2588300219973416] 
[0.8446978138159634 0.47231509611392625 0.25180161500162124] 
[0.8487899153192748 0.4771948647205285 0.22768561820337832] 
[0.8628569669132625 0.4261335662290082 0.27182354272982373] 
[0.848757359526686 0.46787841583663564 0.246375186744705] 
[0.8196343054692263 0.5243634464948859 0.23074354005688658] 
[0.7997591460042015 0.5343001263855541 0.27369450730149997] 
[0.7761442648428105 0.5688322819674251 0.27208438974580135] 
[0.7444341957163679 0.575977300794256 0.33773936284935374] 
[0.6884023364585349 0.6164743407448683 0.38218007583024294] 
[0.6995954306763923 0.6102576934009641 0.3716877466659994] 
[0.7048798942068134 0.62759531221015 0.3305577995371397] 
[0.6781042926035054 0.6548090223448084 0.33376595483742205] 
[0.6483359008319357 0.6748368796374955 0.3524992845007928] 
[0.6771713319707501 0.6453093705396473 0.3535743252142109] 
[0.6432108144374274 0.6577274291815827 0.3920133634111564] 
[0.679365080126303 0.6647657773000013 0.31072423342202793] 
[0.6250707378225199 0.6823805999124517 0.3790030205435479] 
[0.6003964003760767 0.69005384646299 0.40416562372013054] 
[0.5877766349383572 0.72509306799257 0.35882958374368107] 
[0.5333287686907647 0.7481376500100941 0.3947790282223297] 
[0.5593100571765918 0.7254453246575961 0.40112509379687605] 
[0.5448746965129853 0.7127331157042613 0.44172737166534976] 
[0.6180940925416702 0.6540555769576798 0.43608599497764844] 
[0.6015852234653761 0.652229357271908 0.4611855206105103] 
[0.6235877522057619 0.610623714750044 0.4881362456157321] 
[0.6521616944685317 0.5651827252903247 0.505226297119751] 
[0.6451560139972707 0.5791123855661913 0.49840000249497224] 
[0.5965744967344287 0.6051087298205348 0.5272023282773343] 
[0.5606524818975099 0.6186718629402725 0.550376162772494] 
[0.5576136980814074 0.6187431963261084 0.5533749368304712] 
[0.562885003011277 0.595051367728499 0.5736500179982893] 
[0.561359945404066 0.5869653379946006 0.5833924096942197] 
[0.5000313704478907 0.6176949161415171 0.6069774453313144] 
[0.5631614328406622 0.5750098886163678 0.5934752130917049] 
[0.5654387370893736 0.5431441546256887 0.6207040050577409] 
[0.57515243691795 0.4875276820680836 0.6568991045241764] 
[0.5600588148583098 0.5406490804456279 0.6277202368195586] 
[0.6137462156030845 0.4779420375599466 0.6284003433846442] 
[0.5980774771640528 0.46294822643813 0.6542035393873011] 
[0.6129867182745266 0.47186837816293337 0.6337093315621201] 
[0.5838111486062012 0.4569923818225808 0.6710607317666806] 
[0.606471259375405 0.40222283579031776 0.6858639820842067] 
[0.623634408656257 0.4113370035440614 0.6647420506146376] 
[0.6348456066514181 0.3906728342497632 0.6665926734480734] 
[0.6173630552754904 0.381816381931938 0.6878074646798451] 
[0.5935360404010851 0.4095942540633979 0.6927824447712643] 
[0.5900117210767306 0.43116059307164084 0.6826321937721553] 
[0.584841126836744 0.482938323342318 0.6517142258748373] 
[0.5791125840768726 0.43197063364213867 0.6913971265738788] 
[0.6006860989707602 0.43871786953555864 0.6683583181598556] 
[0.6112398178933502 0.4094752964969447 0.6772856609883628] 
[0.6316627918703466 0.4099634152079178 0.6579757712542459] 
[0.675014035758423 0.38913097346270814 0.6268437899677174] 
[0.6628553397051337 0.4044547631073958 0.6301104214533608] 
[0.6432450212751978 0.4179263811202326 0.6415398526735628] 
[0.6409474321572809 0.445324274872628 0.6251981121373897] 
[0.6289910821926789 0.45388710906765006 0.6311550607769014] 
[0.5497836325117625 0.49859375333689876 0.6701807417074852] 
[0.5759154346072544 0.5139936762690668 0.6357137035934866] 
[0.5987853096740502 0.500904802321933 0.6249404227039381] 
[0.6141232431383108 0.4563415118905989 0.6438983357352973] 
[0.6419104038944103 0.46395160752451886 0.6104915554268788] 
[0.6178758589241755 0.429477684006528 0.6586185101400515] 
[0.6163676335917446 0.40885347214005757 0.6730005784392256] 
[0.6198662649095497 0.3665849686536252 0.69381645583274] 
[0.603255219097815 0.38090045516526194 0.7007124830386166] 
[0.6096237809147108 0.41572127474020004 0.6749330836991442] 
[0.5761004440959053 0.40438542811537703 0.7103384431666666] 
[0.5857737591414094 0.4188098468369968 0.6938785306476295] 
[0.642333800074855 0.3725751199361475 0.6697724011079896] 
[0.6412824969408663 0.38378597764215977 0.6644283877759436] 
[0.6513512295056413 0.4064681386533528 0.6407224267037701] 
[0.6397480502028162 0.4214082661189864 0.6427577346934724] 
[0.6439308022998371 0.36961480731715907 0.6698791055566575] 
[0.6586828216221157 0.3828413506315694 0.6477418009874952] 
[0.6471184986137719 0.31556858717954567 0.694013051417164] 
[0.6631515380021605 0.31539909983818454 0.6787882184206144] 
[0.6990885262282325 0.31301153707166524 0.642883356571059] 
[0.7313992413053446 0.35323647054678586 0.5833345058314449] 
[0.7346391358821738 0.4093059135938598 0.541085953548407] 
[0.739106275105648 0.42714368155045745 0.5208360484941257] 
[0.7330644069546453 0.45733245003416867 0.5034516912296341] 
[0.7886352492744684 0.4457400689039369 0.4235212327325638] 
[0.770983821107182 0.4808772215088264 0.41754166908815216] 
[0.7290492751921415 0.5440889922935719 0.41527620062649706] 
[0.7227988580132623 0.5272135454232861 0.44677476246642756] 
[0.6951986885406489 0.5585862235040726 0.4524159749200067] 
[0.6568188823508139 0.5719744866084 0.49135948393867895] 
[0.6378603279205851 0.583963878465524 0.5021159136220901] 
[0.627684148531904 0.5708977374391386 0.5292337697734818] 
[0.605978477333198 0.5060746247499643 0.6137414432748709] 
[0.5712551435694486 0.5002225063048904 0.6507265209990313] 
[0.5430382930721156 0.496680199709953 0.6770658693756497] 
[0.5603228052594572 0.485733463562478 0.6708959355084595] 
[0.5665741489593239 0.5073887280040311 0.6492691371268691] 
[0.541391509108137 0.4992649401505985 0.6764833725983465] 
[0.5312659288048663 0.4855234539514253 0.6942791143007118] 
[0.5429994855040512 0.4982761272085321 0.6759234126706977] 
[0.5601403352975463 0.4712229504799841 0.6813161789607605] 
[0.5799904189288667 0.4805344008304547 0.6577976919762135] 
[0.6083903505863504 0.5144196292819612 0.6043456182705617] 
[0.6290390468631709 0.45162471458287823 0.6327282155075805] 
[0.6124861593861555 0.45201660960591405 0.6484918574668239] 
[0.6303786298653511 0.43069944334850985 0.6458488774538254] 
[0.582030819524948 0.49749685750204914 0.6432239127230137] 
[0.6003244821675576 0.5157750501807316 0.6112173211888858] 
[0.5890787887149193 0.5057159674003093 0.6302678327524998] 
[0.5690261337334274 0.4874994520910548 0.6622337527937615] 
[0.541192067502186 0.528971540527482 0.6536820751593942] 
[0.5353428974845625 0.5460713436043135 0.6443710653086566] 
[0.6020619694132583 0.49084830682478825 0.6297533840111281] 
[0.6492818145233272 0.4632467392932752 0.6031878512233514] 
[0.6459688516799486 0.4537445647068145 0.6138730427851611] 
[0.634046624383012 0.4477599054930345 0.6304727949256627] 
[0.6284729073473944 0.43864652983701463 0.6423480572028365] 
[0.6390923585772432 0.44910598087438547 0.6243915239263201] 
[0.5815567318322172 0.43873814365419583 0.6850551868013999] 
[0.5706945475816932 0.48252700335774185 0.6644361702911157] 
[0.5510263507061384 0.5005794095529459 0.667675232099484] 
[0.5211957933356716 0.5571377135650728 0.6464924695096476] 
[0.5797867367910619 0.5356846424771708 0.6139131075773487] 
[0.5089288041587813 0.5433753016558334 0.6676336973580236] 
[0.49474686176230065 0.5344045865178202 0.6853008687321744] 
[0.555875631268157 0.5156934234027883 0.6519682320645236] 
[0.5721715540740715 0.5129952310322529 0.6398871819677493] 
[0.5578031003793973 0.5700186649492204 0.6032697761504717] 
[0.5141008257252101 0.609729264300053 0.6032665789224309] 
[0.5604480885482205 0.6223502717755713 0.5464229856654258] 
[0.488810664661691 0.6959725687894366 0.5260098075184804] 
[0.4656220800131399 0.6720326582278935 0.5758195766725794] 
[0.45454533439255757 0.6860009913914751 0.5681471453698163] 
[0.38141194395167144 0.7021481153543069 0.6012594723706246] 
[0.3720855384428361 0.715207336933105 0.5916340230909314] 
[0.38395458043021213 0.7237360828299856 0.5733977350640374] 
[0.36372924708071513 0.7267743060883242 0.5826664078423701] 
[0.42244275389609687 0.668279871711601 0.6123268185746954] 
[0.4054062737002077 0.6622105569660008 0.6301769049142399] 
[0.40670053787836685 0.662712586114056 0.6288137249579298] 
[0.4055361715082479 0.6592604883400706 0.6331792969704905] 
[0.39742491190712337 0.6250024327289996 0.6718819825523286] 
[0.41612796568751015 0.6158026428726749 0.6690475477899931] 
[0.3920327668721341 0.5827071442925801 0.711872666766301] 
[0.3943256553240678 0.5668328554674331 0.7233310386786127] 
[0.3973083653715903 0.5533836131103683 0.7320605436346564] 
[0.36494734982392696 0.5278699894691794 0.7669202736101717] 
[0.2997500907304434 0.6134139513430628 0.7306662763565741] 
[0.2609152806969381 0.639174323280592 0.7234496532293283] 
[0.23075391797341818 0.622278286122058 0.748012275274217] 
[0.2260224681232533 0.6488905633275867 0.7265362212084682] 
[0.16888574491894334 0.6634061902084345 0.7289511862644191] 
[0.15492003059677617 0.6607155619007946 0.7344758201479551] 
[0.15726922298147483 0.647383412277412 0.7457620994733223] 
[0.0946406980516795 0.6767149227922877 0.7301370087473439] 
[0.06756571858002251 0.6834665702790578 0.726848210415178] 
[0.10007783560065377 0.7299757638555312 0.6761063607192452] 
[0.10601344206446209 0.7719143668030106 0.6268248243526672] 
[0.14728941570908763 0.785543963830041 0.6010212216804517] 
[0.1279392927557014 0.7974716991826213 0.5896358421703635] 
[0.15169645835739837 0.7811984034349628 0.6055718281033944] 
[0.14177276819867363 0.7561656822020694 0.6388379632247634] 
[0.18775332739620357 0.7883689897455342 0.5858523910160818] 
[0.14947383163646988 0.810362774272087 0.5665419205407124] 
[0.18574774438236683 0.8090739903573742 0.5575814322447068] 
[0.22779727982779702 0.7902401132166232 0.568883962479551] 
[0.17936848042515527 0.8452785978090277 0.5033200177977971] 
[0.15171180827727027 0.8680541719170707 0.4727213575105417] 
[0.11764123803628855 0.8673590898751126 0.48357910244788865] 
[0.09766616698646213 0.868871297468107 0.4853081374366816] 
[0.09960593106963866 0.859999299148528 0.500479633911102] 
[0.10865974177762744 0.8854133215026411 0.4519251161669154] 
[0.11750346302340804 0.8855762216577734 0.44938590522161337] 
[0.10743440614846753 0.8920302514431698 0.4390215016212318] 
[0.06213680556995183 0.9030865842058021 0.42493957078749256] 
[-0.004823692613640233 0.9184785104572613 0.3954414720508963] 
[-0.030426824165898893 0.9039772749304092 0.42649653548483707] 
[-0.06226811292983351 0.9059727280909247 0.41873153459901363] 
[-0.03880816274800463 0.8846385623312581 0.4646595964150631] 
[0.04357990120781877 0.9101910111586998 0.41188968840773427] 
[0.10421774853886479 0.9160142288854287 0.38737138945580807] 
[0.10764419725936349 0.9080839254943534 0.40471756949155674] 
